005.0  000.0  0.000  0.10  0.05
005.0  000.0  0.010  0.10  0.05
010.0  000.0  0.000  0.10  0.05
010.0  000.0  0.010  0.10  0.05
020.0  000.0  0.000  0.10  0.05
020.0  000.0  0.010  0.10  0.05
050.0  000.0  0.000  0.10  0.05
050.0  000.0  0.010  0.10  0.05
005.0  001.5  0.000  0.10  0.05
005.0  001.5  0.010  0.10  0.05
010.0  003.0  0.000  0.10  0.05
010.0  003.0  0.010  0.10  0.05
020.0  006.0  0.000  0.10  0.05
020.0  006.0  0.010  0.10  0.05
050.0  015.0  0.000  0.10  0.05
050.0  015.0  0.010  0.10  0.05
005.0  005.0  0.000  0.10  0.05
005.0  005.0  0.010  0.10  0.05
010.0  010.0  0.000  0.10  0.05
010.0  010.0  0.010  0.10  0.05
020.0  020.0  0.000  0.10  0.05
020.0  020.0  0.010  0.10  0.05
050.0  050.0  0.000  0.10  0.05
050.0  050.0  0.010  0.10  0.05
005.0  015.0  0.000  0.10  0.05
005.0  015.0  0.010  0.10  0.05
010.0  030.0  0.000  0.10  0.05
010.0  030.0  0.010  0.10  0.05
020.0  060.0  0.000  0.10  0.05
020.0  060.0  0.010  0.10  0.05
050.0  150.0  0.000  0.10  0.05
050.0  150.0  0.010  0.10  0.05
